# DRegion with 1 denoted predicted key residues
# full_score: 0.847317
Pos	AA	Prob	DRegion
1	M	-	0
2	D	-	0
3	V	-	0
4	F	-	0
5	M	-	0
6	K	-0.032817	0
7	G	-0.018879	0
8	L	-0.013010	0
9	S	-0.009980	0
10	K	-0.011066	0
11	A	-0.008064	0
12	K	-0.007084	0
13	E	-0.005210	0
14	G	-0.006369	0
15	V	-0.006439	0
16	V	-0.006002	0
17	A	-0.005415	0
18	A	-0.002921	0
19	A	-0.000624	0
20	E	0.001206	0
21	K	0.004101	0
22	T	0.003546	0
23	K	0.004299	0
24	Q	0.007269	0
25	G	0.007121	0
26	V	0.003873	0
27	A	0.002765	0
28	E	0.003482	0
29	A	0.000947	0
30	A	-0.001335	0
31	G	-0.004905	0
32	K	-0.003174	0
33	T	-0.001422	0
34	K	-0.001485	0
35	E	-0.002382	0
36	G	-0.004272	0
37	V	-0.001748	0
38	L	-0.001455	0
39	Y	-0.000442	0
40	V	0.000534	0
41	G	0.000846	0
42	S	0.001426	0
43	K	0.000792	0
44	T	-0.003623	0
45	K	-0.002445	0
46	E	-0.007330	0
47	G	-0.005599	0
48	V	-0.003982	0
49	V	-0.004593	0
50	H	-0.006917	0
51	G	-0.006538	0
52	V	-0.006135	0
53	A	-0.006559	0
54	T	-0.007946	0
55	V	-0.009254	0
56	A	-0.009223	0
57	E	-0.005780	0
58	K	-0.004232	0
59	T	-0.008114	0
60	K	-0.008988	0
61	E	-0.007963	0
62	Q	-0.013920	0
63	V	-0.017671	0
64	T	-0.021371	0
65	N	-0.022915	0
66	V	-0.028570	0
67	G	-0.028872	0
68	G	-0.030663	0
69	A	-0.031937	0
70	V	-0.032270	0
71	V	-0.032665	0
72	T	-0.033651	0
73	G	-0.034008	0
74	V	-0.030184	0
75	T	-0.027034	0
76	A	-0.026695	0
77	V	-0.020028	0
78	A	-0.017935	0
79	Q	-0.015429	0
80	K	-0.012991	0
81	T	-0.012404	0
82	V	-0.011946	0
83	E	-0.009248	0
84	G	-0.005230	0
85	A	-0.003655	0
86	G	-0.008939	0
87	S	-0.009134	0
88	I	-0.008035	0
89	A	-0.008558	0
90	A	-0.010961	0
91	A	-0.010087	0
92	T	-0.007445	0
93	G	-0.000198	0
94	F	-0.000183	0
95	V	0.003876	0
96	K	0.011657	0
97	K	0.017958	0
98	D	0.023294	0
99	Q	0.022893	0
100	L	0.021894	0
101	G	0.027591	0
102	K	0.026677	0
103	N	0.022872	0
104	E	0.024272	0
105	E	0.017860	0
106	G	0.027747	0
107	A	0.026917	1
108	P	0.030463	1
109	Q	0.025324	1
110	E	0.031047	1
111	G	0.036706	1
112	I	0.050941	1
113	L	0.056854	1
114	E	0.067098	1
115	D	0.065942	1
116	M	0.081673	1
117	P	0.070145	1
118	V	0.068058	1
119	D	0.066218	1
120	P	0.055244	1
121	D	0.055381	1
122	N	0.050169	1
123	E	0.050239	1
124	A	0.038021	1
125	Y	0.023238	1
126	E	0.022070	1
127	M	0.012613	1
128	P	0.011905	1
129	S	0.012674	1
130	E	0.008679	0
131	E	0.008506	0
132	G	0.008843	0
133	Y	0.005750	0
134	Q	0.004225	0
135	D	0.004107	0
136	Y	-	0
137	E	-	0
138	P	-	0
139	E	-	0
140	A	-	0
